name: darts
channels:
  - anaconda
  - pytorch
  - conda-forge
  - defaults
dependencies:
  - _libgcc_mutex=0.1=conda_forge
  - _openmp_mutex=4.5=1_llvm
  - bzip2=1.0.8=h516909a_2
  - ca-certificates=2020.1.1=0
  - cairo=1.16.0=hfb77d84_1002
  - certifi=2019.11.28=py38h32f6830_1
  - cpuonly=1.0=0
  - dbus=1.13.6=he372182_0
  - expat=2.2.6=he6710b0_0
  - ffmpeg=4.1.3=h167e202_0
  - fontconfig=2.13.1=h86ecdb6_1001
  - freetype=2.9.1=h8a8886c_1
  - gettext=0.19.8.1=hc5be6a0_1002
  - giflib=5.2.1=h516909a_2
  - glib=2.58.3=py38h6f030ca_1002
  - gmp=6.2.0=he1b5a44_2
  - gnutls=3.6.5=hd3a4fd2_1002
  - graphite2=1.3.13=hf484d3e_1000
  - gst-plugins-base=1.14.5=h0935bb2_2
  - gstreamer=1.14.5=h36ae1b5_2
  - harfbuzz=2.4.0=h9f30f68_3
  - hdf5=1.10.5=nompi_h3c11f04_1104
  - icu=64.2=he1b5a44_1
  - intel-openmp=2020.0=166
  - jasper=1.900.1=h07fcdf6_1006
  - jpeg=9c=h14c3975_1001
  - lame=3.100=h14c3975_1001
  - ld_impl_linux-64=2.33.1=h53a641e_7
  - libblas=3.8.0=15_openblas
  - libcblas=3.8.0=15_openblas
  - libclang=9.0.1=default_hde54327_0
  - libedit=3.1.20181209=hc058e9b_0
  - libffi=3.2.1=h4deb6c0_3
  - libgcc-ng=9.1.0=hdf63c60_0
  - libgfortran-ng=7.3.0=hdf63c60_5
  - libiconv=1.15=h516909a_1005
  - liblapack=3.8.0=15_openblas
  - liblapacke=3.8.0=15_openblas
  - libllvm9=9.0.1=hc9558a2_0
  - libopenblas=0.3.8=h5ec1e0e_0
  - libopencv=4.2.0=py38_2
  - libpng=1.6.37=hbc83047_0
  - libstdcxx-ng=9.1.0=hdf63c60_0
  - libtiff=4.1.0=hc3755c2_3
  - libuuid=2.32.1=h14c3975_1000
  - libwebp=1.0.2=h56121f0_5
  - libxcb=1.13=h1bed415_1
  - libxkbcommon=0.10.0=he1b5a44_0
  - libxml2=2.9.9=hea5a465_1
  - llvm-openmp=9.0.1=hc9558a2_2
  - lz4-c=1.8.3=he1b5a44_1001
  - mkl=2020.0=166
  - ncurses=6.2=he6710b0_0
  - nettle=3.4.1=h1bed415_1002
  - ninja=1.9.0=py38hfd86e86_0
  - nspr=4.25=he1b5a44_0
  - nss=3.47=he751ad9_0
  - numpy=1.18.1=py38h95a1406_0
  - olefile=0.46=py_0
  - opencv=4.2.0=py38_2
  - openh264=1.8.0=hdbcaa40_1000
  - openssl=1.1.1d=h7b6447c_4
  - pcre=8.43=he6710b0_0
  - pip=20.0.2=py38_1
  - pixman=0.38.0=h516909a_1003
  - py-opencv=4.2.0=py38h5ca1d4c_2
  - pyqt=5.12.3=py38hcca6a23_1
  - python=3.8.1=h0371630_1
  - python_abi=3.8=1_cp38
  - pytorch=1.4.0=py3.8_cpu_0
  - qt=5.12.5=hd8c4c69_1
  - readline=7.0=h7b6447c_5
  - setuptools=46.0.0=py38_0
  - sip=4.19.13=py38he6710b0_0
  - six=1.14.0=py38_0
  - sqlite=3.31.1=h7b6447c_0
  - tk=8.6.8=hbc83047_0
  - torchvision=0.5.0=py38_cpu
  - wheel=0.34.2=py38_0
  - x264=1!152.20180806=h14c3975_0
  - xorg-kbproto=1.0.7=h14c3975_1002
  - xorg-libice=1.0.10=h516909a_0
  - xorg-libsm=1.2.3=h84519dc_1000
  - xorg-libx11=1.6.9=h516909a_0
  - xorg-libxext=1.3.4=h516909a_0
  - xorg-libxrender=0.9.10=h516909a_1002
  - xorg-renderproto=0.11.1=h14c3975_1002
  - xorg-xextproto=7.3.0=h14c3975_1002
  - xorg-xproto=7.0.31=h14c3975_1007
  - xz=5.2.4=h14c3975_4
  - zlib=1.2.11=h7b6447c_3
  - zstd=1.4.4=h3b9ef0a_1
  - pip:
    - bcrypt==3.2.0
    - cffi==1.14.4
    - chardet==3.0.4
    - cryptography==3.4.2
    - cycler==0.10.0
    - decorator==4.4.2
    - idna==2.9
    - imageio==2.8.0
    - joblib==0.14.1
    - jsonpatch==1.25
    - jsonpointer==2.0
    - kiwisolver==1.1.0
    - matplotlib==3.2.0
    - networkx==2.4
    - paramiko==2.7.2
    - pillow==5.4.1
    - progress==1.5
    - pycparser==2.20
    - pynacl==1.4.0
    - pyparsing==2.4.6
    - pyqt5-sip==4.19.18
    - pyqtwebengine==5.12.1
    - python-dateutil==2.8.1
    - pywavelets==1.1.1
    - pyzmq==19.0.0
    - requests==2.23.0
    - scikit-image==0.16.2
    - scikit-learn==0.22.2.post1
    - scipy==1.4.1
    - sklearn==0.0
    - torchfile==0.1.0
    - tornado==6.0.4
    - urllib3==1.25.8
    - visdom==0.1.8.9
    - websocket-client==0.57.0
prefix: /home/james/anaconda3/envs/darts
