No Intrinsic

{'left': [[802, 470], [475, 493]], 'right': [[722, 350], [575, 376]], 'top': [[1202, 384], [998, 422]], 'bot': [[300, 396], [98, 405]],
'mtx_1': array([[2.00848598e+03, 0.00000000e+00, 7.43687257e+02],
                [0.00000000e+00, 1.33520936e+03, 2.83814576e+02],
                [0.00000000e+00, 0.00000000e+00, 1.00000000e+00]]),
'dist_1': array([[ -2.33044218,  17.28058799,   0.0529504 ,   0.41701003,-26.3782395 ]]),
'mtx_2': array([[4.31076016e+03, 0.00000000e+00, 6.31446385e+02],
                [0.00000000e+00, 2.33085616e+03, 1.47815643e+02],
                [0.00000000e+00, 0.00000000e+00, 1.00000000e+00]]),
'dist_2': array([[ 4.75410054e+01,  4.54484442e+02,  6.45090978e-02, 1.56115907e+00, -8.12303325e+04]]),
'R1': array([[ 0.55925536,  0.01988157,  0.828757  ],
             [-0.025519  ,  0.99965148, -0.00676073],
             [-0.82860257, -0.01736808,  0.5595678 ]]),
'P1': array([[ 1.83303276e+03,  0.00000000e+00, -5.63174614e+03,0.00000000e+00],
             [ 0.00000000e+00,  1.83303276e+03, -3.44273052e+02,0.00000000e+00],
             [ 0.00000000e+00,  0.00000000e+00,  1.00000000e+00,0.00000000e+00]]),
'R2': array([[ 0.23612506,  0.00544471,  0.97170742],
             [ 0.00197969,  0.99997953, -0.00608419],
             [-0.97172066,  0.00336031,  0.23610945]]),
'P2': array([[ 1.83303276e+03,  0.00000000e+00, -5.63174614e+03, 8.53825252e+06],
             [ 0.00000000e+00,  1.83303276e+03, -3.44273052e+02,0.00000000e+00],
             [ 0.00000000e+00,  0.00000000e+00,  1.00000000e+00,0.00000000e+00]])}



Intrinsic Guess

{'left': [[802, 470], [475, 493]], 'right': [[722, 350], [575, 376]], 'top': [[1202, 384], [998, 422]], 'bot': [[300, 396], [98, 405]],
'mtx_1': array([[2.03803910e+03, 0.00000000e+00, 6.47696763e+02],
       [0.00000000e+00, 1.13083509e+03, 2.88255287e+02],
       [0.00000000e+00, 0.00000000e+00, 1.00000000e+00]]),
'dist_1': array([[  2.29323451,  11.63773441,   0.0800079 ,   0.79269915,
        -45.93680567]]),
'mtx_2': array([[2.53300384e+03, 0.00000000e+00, 4.32041616e+02],
       [0.00000000e+00, 1.14750746e+03, 1.78367425e+02],
       [0.00000000e+00, 0.00000000e+00, 1.00000000e+00]]),
'dist_2': array([[-1.57514352e+01, -4.70349250e+02, -2.65783001e-02,
         8.23644103e-01,  5.25832268e+04]]),
'R1': array([[ 0.88892529,  0.00185541,  0.45804845],
       [ 0.0010969 ,  0.99998031, -0.00617934],
       [-0.4580509 ,  0.0059954 ,  0.88890575]]),
'P1': array([[ 1.13917127e+03,  0.00000000e+00, -8.71807671e+01,
         0.00000000e+00],
       [ 0.00000000e+00,  1.13917127e+03,  3.46826571e+02,
         0.00000000e+00],
       [ 0.00000000e+00,  0.00000000e+00,  1.00000000e+00,
         0.00000000e+00]]),
'R2': array([[ 0.73106848, -0.00820916,  0.68225471],
       [ 0.0036155 ,  0.99996019,  0.00815774],
       [-0.68229452, -0.00349718,  0.73106905]]),
'P2': array([[ 1.13917127e+03,  0.00000000e+00, -8.71807671e+01,
         1.51765426e+06],
       [ 0.00000000e+00,  1.13917127e+03,  3.46826571e+02,
         0.00000000e+00],
       [ 0.00000000e+00,  0.00000000e+00,  1.00000000e+00,
         0.00000000e+00]])}

Fixed Intrinsic

{'left': [[802, 470], [475, 493]], 'right': [[722, 350], [575, 376]], 'top': [[1202, 384], [998, 422]], 'bot': [[300, 396], [98, 405]],
'mtx_1': array([[1.55390556e+03, 0.00000000e+00, 6.41660094e+02],
       [0.00000000e+00, 1.53670213e+03, 2.66191552e+02],
       [0.00000000e+00, 0.00000000e+00, 1.00000000e+00]]),
'dist_1': array([[ 0.90588404, 39.43711322, -0.10607766,  0.45744946, 16.66523112]]),
'mtx_2': array([[4.39512804e+03, 0.00000000e+00, 6.31599117e+02],
       [0.00000000e+00, 3.36993919e+03, 3.77291735e+02],
       [0.00000000e+00, 0.00000000e+00, 1.00000000e+00]]),
'dist_2': array([[-3.69198548e+00, -2.10299121e+01, -1.17772503e+00,
         7.77736875e-01, -1.74317507e+04]]),
'R1': array([[ 0.54000575,  0.00810774,  0.84162228],
       [ 0.04170123,  0.99846775, -0.03637525],
       [-0.84062762,  0.05473952,  0.53884022]]),
'P1': array([[ 2.45332066e+03,  0.00000000e+00, -3.97112725e+04,0.00000000e+00],
       [ 0.00000000e+00,  2.45332066e+03, -1.83719314e+03,
         0.00000000e+00],
       [ 0.00000000e+00,  0.00000000e+00,  1.00000000e+00,
         0.00000000e+00]]),
'R2': array([[ 0.16389166, -0.04268311,  0.9855545 ],
       [-0.02447998,  0.99857986,  0.04731809],
       [-0.98617456, -0.0318814 ,  0.16261403]]),
'P2': array([[ 2.45332066e+03,  0.00000000e+00, -3.97112725e+04,
         1.98370540e+07],
       [ 0.00000000e+00,  2.45332066e+03, -1.83719314e+03,
         0.00000000e+00],
       [ 0.00000000e+00,  0.00000000e+00,  1.00000000e+00,
         0.00000000e+00]])}
